FWHM =     2.235677719116211
SKY =      -0.0012
SIGSKY =   8.98
EPERDN =   2.8498461365475
RDNOISE =  5.940934269961249
TOP =      64288.75820168
TEXPOSED = 40.0
IMAGE_IN = 'SPLUS-n01s01_R_swp.fits'
OBJECTS_OUT = 'SPLUS-n01s01_R_swp.sum'
PARAMS_DEFAULT = paramdefault